userId,id,title,completed
7,137,qui sit non,False
